Egg
egg_loop01.wav
2
4
1,0,0,0
0,0,0,0
0,0,1,0
0,0,1,0
1,0,0,0
0,0,0,0
0,0,1,0
0,0,0,0
80,0,0,0
0,0,0,0
0,0,60,0
0,0,72,0
80,0,0,0
0,0,0,0
0,0,70,0
0,0,0,0
0
0
0
0
0
0
DiscoA
130_Houseloop_2.wav
1
4
1,0,0,0
5,0,0,0
8,0,0,0
5,0,0,0
99,0,0,0
90,0,0,0
90,0,0,0
90,0,0,0
0
0
0
0
0
0
DiscoB
130_Houseloop_2.wav
1
4
1,0,0,0
0,0,0,0
1,0,0,0
0,0,0,0
99,0,0,0
0,0,0,0
90,0,0,0
0,0,0,0
0
0
0
0
0
0
Crackle
crackle_loop01.wav
1
4
1,0,0,0
0,0,0,1
0,1,1,0
0,0,0,0
99,0,0,0
0,0,0,60
0,20,90,0
0,0,0,0
0
0
0
0
0
0
Frog
frog_loop01.wav
1
4
1,0,1,0
0,0,0,0
0,0,1,0
0,0,0,0
80,0,80,0
0,0,0,0
0,0,80,0
0,0,0,0
0
0
0
0
0
0
Funky
funkyfeet1.wav
2
4
1,0,0,0
0,0,0,1
0,1,0,0
0,0,0,0
1,0,0,0
0,0,0,1
0,1,1,0
0,0,0,0
90,0,0,0
0,0,0,99
0,99,0,0
0,0,0,0
90,0,0,0
0,0,0,90
0,90,90,0
0,0,0,0
0
0
0
0
0
0
